0 0.0146484375 0.5516416991150442 0.029421 0.29321900000000006
0 0.04711975 0.5104976725663717 0.024583 0.05523000000000001
0 0.0793243125 0.49223523008849557 0.025912000000000004 0.07129599999999998
0 0.09648812500000001 0.49279855752212387 0.0039859999999999896 0.020083999999999956
0 0.101803125 0.4938035575221239 0.0039869999999999906 0.020082999999999965
0 0.1577483125 0.5282638554572271 0.08903299999999999 0.36652399999999996
0 0.23780975 0.5134475250737462 0.023919000000000024 0.06125500000000008
0 0.2687660625 0.5186569675516224 0.017938999999999983 0.044183999999999994
0 0.3158194375 0.522203041297935 0.031227999999999978 0.04117100000000005
0 0.464842375 0.5179377315634218 0.04385200000000006 0.25204799999999994
0 0.5070936875000001 0.5206051002949853 0.037871999999999906 0.23798999999999998
0 0.5366318125 0.5883543864306785 0.07375100000000001 0.14660900000000004
0 0.5775939999999999 0.5119758790560472 0.06444900000000009 0.247027
0 0.6365580624999999 0.5907080176991151 0.11228800000000005 0.15966399999999997
0 0.629076 0.490792197640118 0.03189200000000003 0.11246700000000003
0 0.6617840625 0.5073005103244838 0.04916799999999999 0.260081
0 0.732488875 0.5471251592920354 0.18471100000000007 0.433803
0 0.6884816875 0.4723413126843658 0.03720800000000002 0.14861700000000005
0 0.79377325 0.5233658702064897 0.03920100000000004 0.16769699999999996
0 0.9139849375 0.5011502153392331 0.07773800000000008 0.273135
