0 0.17768612499999997 0.6209218781127129 0.12930200000000003 0.47374900000000014
0 0.2520459375 0.28444110353866314 0.076438 0.11604000000000005
0 0.297321375 0.6242463420707732 0.13787499999999997 0.48333900000000013
0 0.431426625 0.747959903014417 0.08215399999999995 0.24838300000000002
0 0.5187135625 0.56590574180865 0.190739 0.5485519999999999
0 0.521674 0.15232309567496724 0.06357999999999997 0.08247399999999999
0 0.541866875 0.4528739672346002 0.05929300000000004 0.19180200000000014
0 0.583825 0.7461377509829621 0.06429399999999996 0.25509600000000004
0 0.7260655625 0.6277947981651376 0.12858800000000004 0.459364
0 0.7868261875 0.29131502359108785 0.05429200000000001 0.10453100000000003
0 0.837101625 0.6223283420707733 0.11501500000000009 0.4842979999999999
