0 0.0361328125 0.21420741666666668 0.072614 0.294556
0 0.14806375 0.22412183333333333 0.08661599999999998 0.245463
0 0.12411712500000001 0.11315633333333334 0.035368 0.07315799999999999
0 0.190268125 0.11615225 0.06712699999999999 0.132838
0 0.26350850000000003 0.1333105 0.046917000000000014 0.10973700000000002
0 0.2917443125 0.112985 0.026706000000000008 0.09626000000000001
0 0.50735 0.10098241666666667 0.06351800000000002 0.07797000000000003
0 0.74766575 0.062199166666666666 0.025263000000000035 0.036579
0 0.819676125 0.15436324999999998 0.06712800000000008 0.227174
0 0.829654625 0.15935216666666666 0.08300600000000014 0.161717
0 0.850543375 0.12713558333333333 0.044752000000000014 0.143427
0 0.8816240625 0.15040533333333334 0.05052500000000004 0.16749299999999998
