0 0.2373111875 0.334422568627451 0.021765000000000034 0.11067000000000002
0 0.449384375 0.3227032745098039 0.044786999999999966 0.185504
0 0.48649937499999996 0.3275128431372549 0.012557000000000096 0.043213999999999954
0 0.5118925 0.33937464705882353 0.016742999999999952 0.08853600000000003
0 0.530169625 0.33170378431372555 0.02009099999999997 0.056915999999999994
0 0.5481679374999999 0.33834570588235297 0.01506900000000011 0.07694200000000004
0 0.5830485 0.3359197843137255 0.016743000000000063 0.05480799999999994
0 0.5972808125 0.3313608039215687 0.011301000000000005 0.052699999999999955
0 0.7140586875 0.6202664117647059 0.06906299999999999 0.40052100000000007
0 0.690760375 0.33030680392156864 0.012558000000000069 0.05375400000000002
0 0.9587839374999999 0.3920495882352941 0.014650000000000052 0.10645400000000001
0 0.958644375 0.33626276470588246 0.013394999999999935 0.06113199999999997
0 0.9709229375 0.3970016666666667 0.01506799999999986 0.08642799999999998
