0 0.0390625 0.5057131976573939 0.079691 0.4368770000000001
0 0.045346875 0.36671047291361636 0.028809 0.17013700000000007
0 0.23907006249999999 0.4953821551976574 0.11235799999999999 0.5954790000000001
0 0.2066974375 0.34636857101024887 0.030730000000000007 0.15139300000000006
0 0.367564625 0.39197786090775993 0.17716400000000004 0.65885
0 0.44135725000000003 0.41871236310395316 0.0710639999999999 0.3719940000000001
0 0.49490837499999996 0.3568397613469985 0.043214000000000086 0.200416
0 0.553487375 0.323098411420205 0.043215 0.1254399999999999
0 0.645303625 0.2848530307467057 0.11427799999999999 0.025952999999999997
0 0.7588319375 0.502235093704246 0.139247 0.5493399999999999
0 0.718533875 0.30109222108345535 0.027849000000000013 0.073533
0 0.9249707500000001 0.3534437979502196 0.02496799999999999 0.132649
0 0.9431680625000001 0.3392480863836017 0.018245999999999984 0.161486
0 0.9615932500000001 0.3392259575402636 0.04033299999999995 0.16004399999999994
